13 0.437379 0.591470 0.412159 0.597428 0.397643 0.613339 0.380650 0.643147 0.374615 0.670974 0.372423 0.705559 0.372423 0.751661 0.380099 0.785847 0.399835 0.816853 0.412709 0.828770 0.428601 0.833546 0.464229 0.833546 0.486707 0.823610 0.507808 0.796182 0.514659 0.782668 0.513007 0.769153 0.479581 0.761198 0.472731 0.755240 0.473271 0.717476 0.471079 0.692827 0.456289 0.632013 0.443128 0.599824
15 0.288106 0.308435 0.304626 0.307668 0.330661 0.313994 0.346123 0.333163 0.362115 0.361534 0.381542 0.402748 0.375463 0.435144 0.370044 0.473674 0.366740 0.506262 0.367137 0.539617 0.366740 0.566454 0.367137 0.612268 0.367401 0.643514 0.366872 0.694121 0.367004 0.716358 0.331718 0.711949 0.290485 0.706390 0.258634 0.702364 0.249780 0.701214 0.246211 0.653291 0.246608 0.609010 0.246211 0.534058 0.246608 0.504728 0.248590 0.484792 0.256916 0.450671 0.263656 0.421725 0.274229 0.362875 0.278722 0.339297 0.283744 0.320128
13 0.166123 0.592141 0.153700 0.584856 0.142863 0.593674 0.135330 0.611310 0.131233 0.629329 0.129648 0.657316 0.129780 0.686262 0.132423 0.721342 0.136652 0.751246 0.144185 0.771565 0.153965 0.783067 0.169559 0.783642 0.185419 0.784601 0.194273 0.780767 0.202335 0.763514 0.209471 0.730160 0.184097 0.717316 0.180793 0.713674 0.183172 0.695655 0.179075 0.658466 0.171806 0.612652
11 0.174009 0.470607 0.184141 0.466773 0.192511 0.469649 0.194714 0.475879 0.191079 0.486741 0.181608 0.493770 0.171916 0.490735 0.168612 0.485144 0.169273 0.475879
11 0.256410 0.481565 0.268513 0.473610 0.284053 0.477588 0.286784 0.488195 0.280165 0.498786 0.271949 0.505080 0.260529 0.501773 0.253899 0.492173
10 0.302544 0.410016 0.315110 0.407045 0.339769 0.406374 0.349824 0.413323 0.357126 0.421278 0.363062 0.444473 0.373337 0.447444 0.384989 0.454409 0.363976 0.471965 0.358040 0.460703 0.339769 0.460032 0.334747 0.463674 0.306883 0.458706 0.299802 0.448115 0.298205 0.430224 0.297974 0.416310
9 0.122885 0.628051 0.108744 0.620895 0.107423 0.537412 0.170562 0.534553 0.177797 0.583211 0.187996 0.630911 0.198844 0.683371 0.200165 0.717236 0.182731 0.714856 0.184053 0.697204 0.181090 0.667636 0.176156 0.633291 0.168590 0.591789 0.156751 0.573195 0.145573 0.566997 0.135705 0.572236 0.128800 0.583211 0.125187 0.604201
8 0.356300 0.307859 0.424626 0.301917 0.478018 0.300383 0.524141 0.302492 0.565374 0.306134 0.596828 0.310543 0.588767 0.304217 0.544493 0.291374 0.510264 0.280064 0.483700 0.275272 0.419736 0.271054 0.389075 0.269904 0.368722 0.270096 0.354185 0.271246 0.332115 0.273163 0.333965 0.282748 0.309648 0.286390 0.270132 0.296166 0.228370 0.319936 0.207357 0.342939 0.215683 0.342364 0.230881 0.328754 0.270132 0.312460 0.300000 0.307284
7 0.358040 0.308994 0.408733 0.303355 0.480452 0.302029 0.538910 0.304345 0.598062 0.311965 0.650352 0.351390 0.698767 0.398754 0.723656 0.429569 0.624548 0.425591 0.531828 0.429888 0.429978 0.426246 0.399835 0.372923 0.378822 0.337476
6 0.457159 0.541086 0.368084 0.537220 0.366751 0.714441 0.369042 0.682141 0.376267 0.653706 0.377412 0.641837 0.380077 0.618099 0.389780 0.589105 0.404813 0.572556 0.424416 0.570623 0.429372 0.575591
5 0.429934 0.430942 0.481509 0.457716 0.530419 0.484217 0.557632 0.502716 0.573623 0.517061 0.582753 0.530591 0.660407 0.531693 0.746421 0.529760 0.801421 0.529489 0.836817 0.522588 0.833778 0.510447 0.825595 0.495815 0.810936 0.477316 0.789053 0.460208 0.765837 0.443371 0.743943 0.428738 0.727015 0.430383 0.689714 0.431214 0.621013 0.429281 0.550980 0.429840 0.495980 0.432316
4 0.734251 0.549042 0.741663 0.586901 0.761641 0.588291 0.768502 0.581933 0.763932 0.550751 0.759174 0.545224 0.742808 0.544393
3 0.700727 0.625256 0.814185 0.623275 0.815286 0.693227 0.701828 0.694026
2 0.630573 0.573578 0.637974 0.593866 0.697170 0.608562 0.802401 0.606182 0.827610 0.589089 0.827070 0.570399 0.805694 0.584313 0.768965 0.585911 0.760749 0.590671 0.742930 0.589089 0.734163 0.584313 0.668943 0.581534 0.646740 0.576374
1 0.866388 0.678003 0.874152 0.681645 0.874383 0.693562 0.870727 0.703163 0.864108 0.706821 0.856795 0.701182 0.857941 0.691246 0.859769 0.683626
1 0.558040 0.694569 0.571145 0.689936 0.586410 0.693562 0.599879 0.697875 0.604218 0.713770 0.593260 0.725367 0.570419 0.726693 0.560143 0.722716 0.550330 0.717412 0.550330 0.704824
12 0.399780 0.613419 0.399780 0.619808 0.390969 0.626198 0.388767 0.632588 0.389868 0.638978 0.382159 0.645367 0.375551 0.661342 0.372247 0.702875 0.372247 0.741214 0.375551 0.769968 0.378855 0.779553 0.397577 0.813099 0.405286 0.822684 0.417401 0.830671 0.429515 0.833866 0.463656 0.833866 0.486784 0.819489 0.514317 0.784345 0.511013 0.777955 0.503304 0.776358 0.502203 0.769968 0.496696 0.763578 0.477974 0.758786 0.476872 0.765176 0.470264 0.766773 0.470264 0.776358 0.465859 0.787540 0.461454 0.789137 0.458150 0.795527 0.442731 0.803514 0.416300 0.797125 0.399780 0.774760 0.398678 0.766773 0.390969 0.758786 0.392070 0.755591 0.386564 0.736422 0.386564 0.698083 0.388767 0.694888 0.389868 0.672524 0.400881 0.651757 0.406388 0.646965 0.407489 0.640575 0.412996 0.640575 0.415198 0.634185 0.430617 0.630990 0.434581 0.630511 0.450441 0.634345 0.456498 0.633067 0.448899 0.616454 0.442291 0.600000 0.436344 0.593930 0.417841 0.598882
0 0.473238 0.729201 0.473546 0.754728 0.505430 0.761869 0.563469 0.765543 0.651167 0.759569 0.741090 0.750831 0.809923 0.745080 0.861619 0.742540 0.865903 0.734728 0.876211 0.734489 0.880176 0.710575 0.875264 0.692859 0.877797 0.677907 0.881289 0.662955 0.880969 0.637188 0.873833 0.570256 0.868128 0.558514 0.863524 0.567955 0.851784 0.578067 0.828954 0.592796 0.811035 0.602684 0.803899 0.609121 0.772489 0.611885 0.698590 0.613259 0.639273 0.601997 0.598040 0.591406 0.528425 0.576006 0.474824 0.559201 0.464196 0.553003 0.457059 0.541262 0.429460 0.575080 0.445000 0.591645 0.454361 0.615559 0.464350 0.646613 0.471167 0.680895 0.477511 0.700911 0.476244 0.722524
14 0.179306 0.396166 0.173976 0.440335 0.169593 0.462412 0.165220 0.478147 0.169791 0.534457 0.178546 0.588291 0.188062 0.632732 0.198139 0.680751 0.204989 0.692348 0.222698 0.697875 0.250286 0.701182 0.248767 0.673035 0.246487 0.651214 0.246487 0.612300 0.246289 0.510160 0.248954 0.482556 0.259615 0.442540 0.268370 0.397540 0.277313 0.345367 0.285496 0.314728 0.288161 0.307827 0.264747 0.313355 0.240396 0.324121 0.219835 0.337923 0.201002 0.359728 0.189009 0.377396
12 0.150881 0.594249 0.140969 0.608626 0.138767 0.623003 0.134361 0.629393 0.133260 0.678914 0.136564 0.678914 0.136564 0.666134 0.140969 0.646965 0.139868 0.635783 0.150881 0.624601 0.156388 0.626198 0.157489 0.632588 0.165198 0.632588 0.167401 0.635783 0.167401 0.646965 0.171806 0.653355 0.171806 0.701278 0.169604 0.704473 0.167401 0.728435 0.165088 0.741054 0.162335 0.750160 0.156388 0.755112 0.147357 0.750799 0.139868 0.730032 0.135463 0.693610 0.130286 0.678435 0.131057 0.702875 0.134361 0.734824 0.137665 0.738019 0.142070 0.765176 0.151982 0.779553 0.157489 0.782748 0.186123 0.782748 0.192731 0.777955 0.201542 0.763578 0.205947 0.749201 0.207048 0.731629 0.203744 0.723642 0.189427 0.718850 0.180617 0.710863 0.178414 0.664537 0.171806 0.635783 0.170705 0.611821 0.164097 0.607029 0.159692 0.597444
