13 0.928575 0.730476 0.926225 0.763933 0.919650 0.792751 0.899700 0.823898 0.880912 0.828854 0.842888 0.833175 0.816588 0.830511 0.797338 0.805009 0.813538 0.775855 0.811425 0.754004 0.809075 0.715238 0.816588 0.670194 0.832550 0.629118 0.850163 0.610899 0.871287 0.609242 0.891713 0.620847 0.905575 0.634092 0.916375 0.653298 0.924113 0.677813 0.927638 0.700000
15 0.568913 0.559894 0.571488 0.612892 0.581350 0.759295 0.583225 0.813616 0.801562 0.779506 0.803212 0.718219 0.788650 0.555256 0.772925 0.517813
12 0.876250 0.615520 0.851250 0.613757 0.837500 0.622575 0.825000 0.643739 0.817500 0.664903 0.810000 0.716049 0.812500 0.765432 0.810000 0.786596 0.802500 0.804233 0.806250 0.816578 0.817500 0.828924 0.845000 0.832451 0.890000 0.827160 0.906250 0.814815 0.905000 0.798942 0.898750 0.800705 0.898750 0.807760 0.893750 0.816578 0.891250 0.813051 0.895000 0.805996 0.891250 0.807760 0.891250 0.813051 0.885000 0.814815 0.855000 0.793651 0.843750 0.776014 0.833750 0.730159 0.835000 0.691358 0.842500 0.682540 0.843750 0.659612 0.853750 0.649030 0.857500 0.649030 0.861250 0.640212 0.892500 0.640212 0.900000 0.654321 0.906250 0.654321 0.905000 0.641975 0.890000 0.624339
0 0.303150 0.690194 0.352063 0.686966 0.346025 0.704674 0.338363 0.737813 0.331838 0.789559 0.334450 0.843616 0.303475 0.849594 0.243475 0.856279 0.164075 0.861340 0.072450 0.871693 0.038050 0.868007 0.029900 0.822681 0.027125 0.786578 0.026638 0.752751 0.038538 0.740335 0.040662 0.739189 0.189675 0.725379 0.287338 0.705838
2 0.055350 0.782134 0.070563 0.834127 0.079687 0.842240 0.163862 0.835079 0.175363 0.824109 0.176038 0.768765 0.108425 0.773545
4 0.107500 0.695750 0.099087 0.712875 0.103587 0.718942 0.110637 0.715626 0.120413 0.701552 0.117087 0.691887
5 0.529375 0.558501 0.499513 0.570423 0.428237 0.591499 0.312163 0.635608 0.241450 0.655097 0.198063 0.685697 0.148487 0.689277 0.099750 0.694444 0.070450 0.698025 0.063963 0.686490 0.071288 0.678148 0.085938 0.667019 0.111575 0.651905 0.134675 0.639982 0.168763 0.628060 0.219475 0.612169 0.271313 0.598254 0.302862 0.589101 0.329350 0.574797 0.344275 0.574004 0.376400 0.568430 0.422038 0.563668 0.460637 0.559700 0.494163 0.558889
12 0.436250 0.677249 0.427500 0.671958 0.411875 0.664021 0.404875 0.660847 0.394500 0.661023 0.381375 0.661376 0.366750 0.671429 0.358125 0.700000 0.385750 0.685185 0.394000 0.683774 0.402500 0.686067 0.418750 0.687831 0.421250 0.694885 0.433750 0.703704 0.453750 0.737213 0.455000 0.749559 0.458750 0.753086 0.458750 0.772487 0.461250 0.779541 0.456250 0.800705 0.457500 0.805996 0.448750 0.834215 0.438750 0.848325 0.436250 0.858907 0.423750 0.862434 0.418750 0.869489 0.405000 0.874780 0.387500 0.873016 0.372500 0.858907 0.361250 0.855379 0.358750 0.844797 0.351250 0.837743 0.350000 0.828924 0.342500 0.823633 0.340000 0.784832 0.337500 0.784832 0.338750 0.837743 0.328750 0.853616 0.328750 0.867725 0.343750 0.888889 0.371250 0.897707 0.425000 0.892416 0.455000 0.865961 0.466250 0.843034 0.472500 0.798942 0.475000 0.795414 0.473750 0.749559 0.470000 0.730159 0.461250 0.707231
6 0.303125 0.689735 0.352850 0.687425 0.357875 0.677654 0.369563 0.660018 0.389800 0.644497 0.416975 0.637584 0.444012 0.649665 0.459225 0.665185 0.478787 0.708325 0.485988 0.747813 0.488438 0.793827 0.487625 0.826984 0.535175 0.821993 0.583400 0.813563 0.580013 0.729594 0.571987 0.615732 0.568863 0.560141 0.491150 0.573175 0.404338 0.600970 0.329612 0.647743
7 0.560813 0.555520 0.590550 0.445944 0.581150 0.431869 0.526763 0.431869 0.459075 0.439312 0.422300 0.450917 0.408600 0.460564 0.391188 0.485132 0.376713 0.504744 0.357150 0.533721 0.337000 0.566843 0.354212 0.569877 0.395300 0.566561 0.433638 0.561323 0.459075 0.558571 0.508575 0.556914
10 0.589838 0.567002 0.597950 0.549365 0.597612 0.531711 0.615875 0.501764 0.648875 0.497707 0.661162 0.512628 0.665900 0.524550 0.659813 0.534568 0.635475 0.544586 0.623975 0.545538 0.620263 0.552698 0.620938 0.564621 0.601325 0.576067
11 0.737237 0.579436 0.767525 0.573810 0.761888 0.551940 0.739825 0.557566
13 0.365362 0.670353 0.380037 0.658483 0.406450 0.658483 0.430125 0.669524 0.454775 0.694656 0.473162 0.732187 0.476488 0.764497 0.474525 0.804233 0.464550 0.848413 0.441275 0.881252 0.416812 0.895326 0.382387 0.898095 0.361250 0.897531 0.332688 0.877390 0.325650 0.868007 0.320362 0.852540 0.336012 0.845926 0.336413 0.828536 0.334838 0.788501 0.337775 0.753175 0.345988 0.721146 0.354800 0.690511
