6 0.566564 0.590415 0.552952 0.581214 0.533656 0.561278 0.540396 0.532716 0.559956 0.516805 0.660529 0.446070 0.666872 0.480958 0.673877 0.539808 0.677181 0.621853 0.675727 0.684920 0.671894 0.729585 0.659339 0.740511 0.665815 0.687220 0.665815 0.638339 0.660132 0.591757 0.647709 0.556294 0.634493 0.539617 0.621145 0.535591 0.602511 0.534633 0.589031 0.546134 0.575815 0.565495
5 0.561971 0.387827 0.560837 0.396102 0.524064 0.422268 0.466971 0.460367 0.407137 0.509393 0.388414 0.528610 0.366035 0.560399 0.306883 0.570016 0.210055 0.566693 0.133778 0.559073 0.105231 0.548482 0.093811 0.534233 0.101806 0.509393 0.122819 0.480575 0.155474 0.449105 0.186762 0.421613 0.232896 0.390479 0.269207 0.391470 0.382247 0.389473 0.478844 0.392460
0 0.565859 0.591214 0.551927 0.580607 0.531828 0.560080 0.519956 0.568690 0.465606 0.592204 0.401883 0.609760 0.317159 0.632284 0.260066 0.674345 0.221927 0.677332 0.123965 0.657796 0.101123 0.600160 0.089471 0.605783 0.077148 0.581597 0.073260 0.557093 0.064813 0.600160 0.063667 0.639904 0.057731 0.655799 0.059108 0.732316 0.070066 0.757492 0.083084 0.772732 0.109119 0.779026 0.176487 0.795591 0.277885 0.819441 0.366949 0.827716 0.501685 0.814473 0.531597 0.809505 0.536399 0.744569 0.545760 0.665415 0.553073 0.623339
12 0.899780 0.485623 0.892070 0.496805 0.889868 0.522364 0.895374 0.525559 0.902423 0.509904 0.911784 0.513099 0.920705 0.529872 0.922907 0.557508 0.921806 0.611821 0.920595 0.620607 0.918502 0.631629 0.916740 0.642812 0.909141 0.656230 0.897247 0.661182 0.890969 0.642173 0.888767 0.611821 0.867841 0.623003 0.863436 0.629393 0.853524 0.630990 0.844714 0.637380 0.846916 0.642173 0.845815 0.653355 0.849119 0.658147 0.848678 0.657668 0.849890 0.656550 0.849449 0.666134 0.854626 0.677476 0.862115 0.682109 0.878855 0.688498 0.900881 0.686901 0.908590 0.678914 0.920705 0.646965 0.921806 0.627796 0.925110 0.618211 0.927313 0.578275 0.925110 0.519169 0.917401 0.496805 0.911894 0.488818
12 0.599119 0.571885 0.580396 0.575080 0.563877 0.597444 0.548458 0.656550 0.545154 0.698083 0.539648 0.726837 0.536344 0.792332 0.528634 0.809904 0.516520 0.814696 0.503304 0.825879 0.504405 0.835463 0.513216 0.854633 0.526432 0.870607 0.537445 0.876997 0.562775 0.884984 0.582599 0.884984 0.609031 0.873802 0.623348 0.857827 0.631057 0.843450 0.635463 0.824281 0.638767 0.819489 0.639868 0.798722 0.634361 0.798722 0.633260 0.809904 0.626652 0.814696 0.625551 0.827476 0.618943 0.830671 0.614537 0.841853 0.591410 0.845048 0.578194 0.830671 0.563877 0.790735 0.561674 0.742812 0.564978 0.706070 0.570485 0.677316 0.584802 0.643770 0.596916 0.624601 0.611233 0.619808 0.623348 0.626198 0.629956 0.635783 0.635463 0.654952 0.639868 0.659744 0.645374 0.690096 0.645374 0.720447 0.642070 0.738019 0.642070 0.795527 0.647577 0.781150 0.648678 0.760383 0.654185 0.746006 0.655286 0.678914 0.645374 0.626198 0.633260 0.597444 0.622247 0.583067
1 0.382841 0.741725 0.401200 0.739345 0.415452 0.744904 0.421211 0.761597 0.412434 0.773530 0.391057 0.773530 0.379273 0.758019 0.381200 0.749681
2 0.109890 0.595447 0.118117 0.602204 0.150452 0.610559 0.164152 0.614137 0.170727 0.637588 0.193744 0.637987 0.208822 0.621677 0.318711 0.614137 0.316520 0.634409 0.273227 0.665415 0.254317 0.675735 0.122775 0.657859 0.110165 0.619696
3 0.115650 0.671933 0.236333 0.668594 0.236993 0.746342 0.115980 0.742045
4 0.173976 0.582204 0.198084 0.585431 0.200617 0.600847 0.192368 0.636725 0.169692 0.635351 0.165727 0.620160 0.168744 0.593482
15 0.768502 0.204153 0.733921 0.205112 0.718392 0.209904 0.707379 0.218530 0.686454 0.247125 0.670815 0.277955 0.652533 0.325399 0.639097 0.364217 0.637335 0.370767 0.654515 0.426038 0.662665 0.453994 0.671256 0.516613 0.674119 0.540575 0.677203 0.623003 0.675441 0.687220 0.673018 0.716454 0.801432 0.641693 0.809692 0.561661 0.811564 0.491054 0.806388 0.418850 0.796145 0.357029 0.790749 0.315176 0.780837 0.257827 0.773128 0.223323
14 0.768425 0.204313 0.779383 0.203323 0.813183 0.209617 0.843557 0.219553 0.860683 0.259633 0.874383 0.300048 0.883976 0.336805 0.890826 0.352380 0.900870 0.390799 0.897907 0.420623 0.888315 0.483227 0.880782 0.527939 0.878954 0.565703 0.872555 0.603466 0.801531 0.640895 0.809758 0.561725 0.811123 0.490847 0.806101 0.414984 0.796971 0.364313 0.788513 0.298722 0.778921 0.247700
13 0.897907 0.480240 0.910242 0.487524 0.916630 0.499792 0.922346 0.520319 0.925991 0.544840 0.926685 0.576629 0.924857 0.607780 0.921652 0.632939 0.913888 0.664744 0.906123 0.683962 0.895165 0.688259 0.867302 0.686278 0.850859 0.673690 0.842643 0.638243 0.874383 0.619361 0.883744 0.607780 0.886035 0.560399 0.888546 0.525623 0.892423 0.502109
13 0.580969 0.569217 0.606729 0.571198 0.622907 0.580735 0.639890 0.608562 0.651399 0.647125 0.655793 0.684888 0.657985 0.713099 0.654141 0.754441 0.648117 0.798562 0.637423 0.827987 0.626465 0.855815 0.611123 0.871709 0.583987 0.886805 0.545077 0.880847 0.512467 0.851438 0.506432 0.821230 0.535209 0.807716 0.538767 0.797780 0.539868 0.744105 0.544526 0.686470 0.556586 0.629233 0.568370 0.591869
11 0.771432 0.404249 0.790617 0.397891 0.797192 0.405847 0.793634 0.419361 0.777467 0.423339 0.768425 0.415383
10 0.687654 0.405000 0.693965 0.386677 0.691200 0.356342 0.701465 0.334026 0.727511 0.328866 0.748425 0.326006 0.757896 0.331741 0.763811 0.348914 0.764207 0.363211 0.757896 0.380383 0.751586 0.392987 0.724747 0.396981 0.714482 0.397556 0.704229 0.428466
8 0.413128 0.227955 0.445639 0.211406 0.467996 0.205879 0.542379 0.193914 0.602324 0.187700 0.649901 0.184489 0.677974 0.183802 0.722698 0.185399 0.779626 0.190463 0.833546 0.202204 0.863370 0.214856 0.886046 0.227508 0.893018 0.238083 0.890165 0.241997 0.864956 0.225655 0.824031 0.212093 0.776938 0.203355 0.732048 0.204042 0.703667 0.221981 0.678921 0.213003 0.618822 0.210016 0.575209 0.208403 0.520176 0.212316 0.470540 0.215767 0.448018 0.218530 0.435011 0.220831 0.421850 0.225431
7 0.680496 0.214249 0.595540 0.209281 0.500088 0.212923 0.442313 0.219217 0.411244 0.228834 0.367401 0.266917 0.335430 0.302700 0.306432 0.333834 0.271487 0.373578 0.319218 0.375240 0.392753 0.368610 0.488899 0.371597 0.561971 0.375575 0.595540 0.374904 0.622269 0.337812 0.649901 0.278179 0.667478 0.241422
