4 0.130969 0.626661 0.126399 0.636869 0.126399 0.659776 0.129637 0.676070 0.153612 0.682684 0.160793 0.664217 0.161013 0.627476 0.144670 0.623067
12 0.942731 0.738019 0.938326 0.739617 0.936123 0.776358 0.917401 0.806709 0.893172 0.819489 0.889868 0.824281 0.893172 0.845048 0.904185 0.862620 0.926211 0.869010 0.953744 0.869010 0.968062 0.856230 0.966960 0.843450 0.957048 0.837061 0.952643 0.829073 0.948238 0.800319 0.950441 0.790735 0.947137 0.784345 0.948238 0.771565 0.946035 0.768371 0.947137 0.761981
15 0.895055 0.779856 0.845000 0.796693 0.769637 0.818770 0.728150 0.834233 0.725870 0.751422 0.731002 0.708642 0.728910 0.622236 0.725110 0.556534 0.723018 0.533898 0.744141 0.533898 0.736905 0.484776 0.719207 0.378770 0.747566 0.336821 0.773062 0.329361 0.814174 0.338738 0.843095 0.356134 0.853370 0.385671 0.869361 0.427636 0.880396 0.457987 0.893535 0.499121 0.900573 0.539425 0.909901 0.609537 0.910463 0.641565 0.904758 0.681581 0.900760 0.732093 0.899615 0.756118 0.898293 0.772684
13 0.646134 0.634936 0.625573 0.646534 0.606167 0.674968 0.592841 0.711677 0.587896 0.733754 0.577236 0.784824 0.566773 0.853003 0.557830 0.912636 0.538414 0.946853 0.546597 0.970591 0.561630 0.989089 0.577423 0.998754 0.613590 0.999313 0.638128 1.000000 0.652985 1.000000 0.668590 0.983578 0.684758 0.945208 0.696366 0.903243 0.700749 0.872875 0.705881 0.806086 0.700749 0.741486 0.689901 0.686837 0.673910 0.653706 0.659262 0.638802
13 0.971046 0.653514 0.964383 0.642716 0.957731 0.642476 0.951222 0.657204 0.945837 0.691709 0.939802 0.705048 0.937115 0.757268 0.936476 0.781885 0.922676 0.805112 0.905551 0.819840 0.888744 0.824441 0.896982 0.855256 0.910308 0.867220 0.952489 0.870671 0.965176 0.863994 0.973271 0.840543 0.981828 0.797524 0.982313 0.760942 0.981674 0.714473 0.976916 0.671230
10 0.748899 0.523419 0.772115 0.453850 0.781244 0.448610 0.824637 0.450815 0.848051 0.463786 0.854703 0.483387 0.855848 0.508227 0.833007 0.508786 0.776487 0.507412 0.766784 0.530319
8 0.721145 0.309313 0.809526 0.333498 0.870507 0.371262 0.888767 0.388818 0.884890 0.379537 0.873469 0.364313 0.849262 0.345096 0.822313 0.325543 0.783722 0.304345 0.744438 0.295399 0.706762 0.291757 0.632544 0.291757 0.586641 0.296070 0.523381 0.304026 0.469482 0.313962 0.419703 0.328530 0.469031 0.320911 0.511278 0.315942 0.557863 0.309984 0.625463 0.305351 0.679581 0.304345 0.711784 0.306661
7 0.617401 0.444409 0.675000 0.371725 0.722687 0.310064 0.685352 0.305751 0.636894 0.306390 0.574449 0.309904 0.501432 0.318371 0.458150 0.323802 0.424339 0.328594 0.404846 0.333227 0.373458 0.350479 0.337445 0.373802 0.299449 0.399201 0.229736 0.452716 0.219934 0.460543 0.269273 0.456869 0.342621 0.454153 0.420595 0.451278 0.497907 0.451118 0.571916 0.450000
6 0.585837 0.727827 0.485441 0.670767 0.489097 0.597157 0.485606 0.583818 0.464031 0.578067 0.467048 0.567716 0.635308 0.427173 0.663700 0.455687 0.661795 0.473866 0.698117 0.535288 0.721432 0.535048 0.726189 0.580144 0.730463 0.661342 0.730947 0.711725 0.726498 0.739329 0.729361 0.832492 0.734427 0.879649 0.698744 0.891597 0.704615 0.879649 0.713811 0.856645 0.716982 0.839393 0.714449 0.774058 0.714604 0.729665 0.701916 0.670543 0.678128 0.632364 0.655132 0.623163 0.628965 0.636262 0.604075 0.672157
5 0.598018 0.448882 0.598018 0.457987 0.570485 0.484345 0.524670 0.517412 0.479295 0.555591 0.467181 0.567412 0.462665 0.579553 0.379626 0.582428 0.361564 0.584345 0.324009 0.614058 0.256608 0.616773 0.183921 0.613578 0.107930 0.608307 0.059471 0.605751 0.048678 0.595847 0.046696 0.577636 0.041410 0.570767 0.045925 0.560863 0.088656 0.530351 0.135573 0.503355 0.201982 0.462300 0.226762 0.459744 0.263326 0.457668 0.336233 0.454313 0.407159 0.452236 0.489868 0.451438 0.552533 0.452875
2 0.046586 0.649984 0.050859 0.684808 0.086046 0.701502 0.176156 0.712476 0.312632 0.709137 0.339923 0.661917 0.300132 0.665256 0.166949 0.663339 0.154119 0.683850 0.130771 0.678610 0.126167 0.657141
0 0.586178 0.727684 0.484372 0.668882 0.419659 0.701741 0.352863 0.719952 0.241531 0.732652 0.111553 0.723275 0.050275 0.705607 0.032192 0.682141 0.033150 0.637141 0.024769 0.681581 0.025529 0.710016 0.029725 0.744249 0.035430 0.806358 0.028392 0.837268 0.031244 0.855767 0.053513 0.894137 0.153800 0.924505 0.313469 0.951821 0.440595 0.946022 0.534989 0.946022 0.557830 0.907109 0.571145 0.809121
12 0.650881 0.640575 0.634361 0.640575 0.625551 0.646965 0.622247 0.653355 0.618943 0.653355 0.603524 0.678914 0.594714 0.702875 0.592511 0.720447 0.587004 0.731629 0.579295 0.768371 0.562775 0.888179 0.559471 0.902556 0.541850 0.942492 0.546256 0.966454 0.556167 0.980831 0.582599 1.000000 0.653084 1.000000 0.657489 0.993610 0.657489 0.985623 0.661894 0.987220 0.667401 0.972843 0.660793 0.974441 0.657489 0.971246 0.644273 0.976038 0.631057 0.972843 0.620044 0.955272 0.620044 0.948882 0.609031 0.923323 0.602423 0.876997 0.601322 0.845048 0.604626 0.777955 0.606828 0.761981 0.612335 0.757188 0.611233 0.746006 0.609031 0.744409 0.613436 0.741214 0.612335 0.734824 0.616740 0.726837 0.621145 0.706070 0.637665 0.680511 0.645374 0.678914 0.646476 0.672524 0.661894 0.664537 0.665198 0.669329 0.670705 0.669329 0.671806 0.666134 0.669604 0.659744 0.659692 0.656550 0.657489 0.645367
