15 0.359504 0.405783 0.398546 0.408930 0.421178 0.417923 0.434504 0.443099 0.460220 0.543786 0.454020 0.611661 0.450308 0.687188 0.451233 0.811709 0.371278 0.798674 0.339978 0.795080 0.332225 0.767652 0.325716 0.696629 0.325407 0.578850 0.335694 0.509888 0.348436 0.445751
5 0.641861 0.620927 0.721663 0.622476 0.891421 0.610815 0.909097 0.600719 0.895176 0.572764 0.817522 0.543243 0.764504 0.531581 0.700242 0.526933 0.607059 0.533914 0.555639 0.541693 0.490308 0.554888 0.563678 0.571198 0.627941 0.586741
0 0.551894 0.698914 0.600738 0.700767 0.612941 0.670942 0.733117 0.704505 0.764615 0.727812 0.880925 0.715687 0.896355 0.692380 0.918844 0.680272 0.927841 0.688658 0.927841 0.727812 0.925275 0.772540 0.911134 0.793994 0.890573 0.802380 0.726046 0.825687 0.584670 0.823818
1 0.609416 0.758802 0.617974 0.792780 0.691982 0.795479 0.692720 0.757716
2 0.730231 0.637236 0.736123 0.700927 0.766112 0.723450 0.874284 0.704042 0.889284 0.672971 0.886608 0.626358
4 0.802522 0.650431 0.807346 0.692380 0.831982 0.687716 0.830374 0.647332
6 0.449604 0.804249 0.449604 0.702476 0.455496 0.595288 0.605980 0.618594 0.612941 0.672971 0.600628 0.699377 0.552434 0.701709 0.543326 0.683067 0.469956 0.674521 0.462456 0.694712 0.455496 0.780942
7 0.441024 0.420895 0.477170 0.545176 0.498150 0.552300 0.567764 0.538706 0.626674 0.530288 0.690496 0.525112 0.757874 0.525767 0.708348 0.455847 0.667731 0.410543 0.602126 0.403419 0.513315 0.406661 0.464670 0.410543
8 0.445595 0.412125 0.528337 0.403131 0.581652 0.402236 0.619769 0.404936 0.667808 0.408978 0.636189 0.393690 0.590011 0.385144 0.538877 0.380208 0.478139 0.377955 0.432577 0.377955 0.391982 0.379760 0.334020 0.386502 0.293425 0.394137 0.272974 0.403578 0.265848 0.413019 0.300242 0.406278 0.344559 0.403131 0.400033 0.406725
9 0.243844 0.751070 0.222764 0.613067 0.153965 0.595080 0.141564 0.614856 0.136300 0.676901 0.142808 0.678243 0.148073 0.640927 0.198282 0.645879 0.213161 0.703866 0.221520 0.748818
10 0.383359 0.518211 0.383866 0.562045 0.400914 0.565415 0.437852 0.563914 0.443789 0.539569 0.437335 0.538818 0.437335 0.519712 0.427258 0.509601 0.390330 0.509968
11 0.334372 0.590831 0.332654 0.630783 0.343844 0.632971 0.351377 0.617045 0.350727 0.591134
11 0.234229 0.580559 0.247137 0.579617 0.247357 0.605208 0.243910 0.619265 0.232291 0.618946
13 0.163139 0.685431 0.177269 0.672492 0.201068 0.671949 0.212974 0.719425 0.224868 0.760415 0.233800 0.781454 0.241608 0.786310 0.241233 0.825144 0.233425 0.855895 0.223381 0.870463 0.194009 0.870463 0.165363 0.863994 0.149009 0.817061 0.147522 0.768514 0.150121 0.722125 0.155705 0.703770
13 0.551278 0.714649 0.520903 0.712412 0.494868 0.721853 0.474416 0.754665 0.465738 0.785224 0.459846 0.820735 0.459846 0.856709 0.465430 0.887716 0.473800 0.918738 0.495176 0.947061 0.526178 0.961901 0.557170 0.963690 0.581652 0.959201 0.599626 0.928179 0.607368 0.894473 0.604890 0.847716 0.585055 0.829281 0.568943 0.769952 0.557170 0.725895
14 0.276068 0.411677 0.297456 0.407620 0.345804 0.405383 0.358822 0.405831 0.344251 0.464712 0.334956 0.520463 0.325661 0.578898 0.324725 0.622045 0.325969 0.683195 0.329064 0.738930 0.332478 0.771294 0.339912 0.794665 0.251586 0.778930 0.238877 0.732636 0.229890 0.669696 0.222456 0.607668 0.227104 0.566310 0.240430 0.503818 0.257786 0.453035
12 0.508811 0.718850 0.495595 0.728435 0.482379 0.744409 0.477974 0.758786 0.471366 0.766773 0.459471 0.834026 0.478524 0.804792 0.494493 0.773163 0.497797 0.773163 0.507709 0.758786 0.520925 0.758786 0.526432 0.765176 0.531938 0.765176 0.534141 0.773163 0.540749 0.773163 0.548458 0.784345 0.547357 0.787540 0.552863 0.792332 0.559471 0.814696 0.562775 0.856230 0.559471 0.861022 0.558370 0.881789 0.551762 0.908946 0.536344 0.928115 0.513216 0.928115 0.505507 0.921725 0.502203 0.923323 0.500000 0.918530 0.493392 0.918530 0.492291 0.915335 0.497797 0.912141 0.491189 0.907348 0.491189 0.894569 0.487885 0.891374 0.472026 0.819649 0.469934 0.819808 0.458040 0.840256 0.470264 0.899361 0.477974 0.913738 0.483480 0.915335 0.482379 0.921725 0.485683 0.928115 0.508811 0.952077 0.537445 0.961661 0.570485 0.956869 0.585903 0.944089 0.603524 0.910543 0.607930 0.886581 0.604626 0.854633 0.581498 0.816294 0.561674 0.741214 0.552863 0.718850 0.535242 0.714058
12 0.169604 0.680511 0.158590 0.696486 0.154185 0.720447 0.155286 0.725240 0.159692 0.725240 0.167401 0.714058 0.181718 0.710863 0.193833 0.723642 0.202643 0.746006 0.199339 0.750799 0.202643 0.765176 0.200441 0.808307 0.196035 0.811502 0.193833 0.824281 0.189427 0.830671 0.186123 0.843450 0.178414 0.845048 0.161894 0.825879 0.155286 0.805112 0.155286 0.736422 0.151982 0.731629 0.153084 0.728435 0.150881 0.728435 0.148678 0.744409 0.148678 0.800319 0.150881 0.817891 0.157489 0.843450 0.165198 0.857827 0.174009 0.865815 0.190529 0.872204 0.218062 0.870607 0.224670 0.865815 0.236784 0.843450 0.241189 0.825879 0.242291 0.795527 0.222467 0.755591 0.202643 0.680511 0.193833 0.674121
