13 0.098850 0.708907 0.082787 0.741799 0.074762 0.780106 0.080113 0.828660 0.099613 0.871799 0.123700 0.885838 0.154675 0.883668 0.179525 0.871270 0.196725 0.839982 0.199025 0.803298 0.186787 0.745573 0.168437 0.709436 0.147025 0.697037 0.116050 0.698113
14 0.473400 0.356614 0.454250 0.516014 0.439713 0.568201 0.435750 0.659559 0.438387 0.779806 0.442350 0.810564 0.563250 0.806843 0.596287 0.745309 0.665663 0.586843 0.668963 0.487108 0.663013 0.411605 0.646500 0.349153
6 0.065350 0.811693 0.060475 0.815132 0.054800 0.768765 0.056425 0.722416 0.059263 0.700088 0.068187 0.683492 0.080763 0.607354 0.210175 0.603351 0.208150 0.630829 0.207338 0.660582 0.209775 0.706384 0.213425 0.748166 0.215863 0.781358 0.217475 0.826014 0.203288 0.825432 0.202475 0.804832 0.195575 0.771640 0.179750 0.713245 0.161500 0.685767 0.134313 0.670899 0.109562 0.672610 0.088875 0.686349 0.075088 0.709242 0.066975 0.736138 0.063325 0.771058
12 0.122500 0.694885 0.101250 0.707231 0.083750 0.735450 0.078750 0.754850 0.076250 0.786596 0.080000 0.828924 0.086250 0.832451 0.083750 0.839506 0.086250 0.834215 0.088750 0.835979 0.086250 0.828924 0.092500 0.828924 0.085000 0.795414 0.085000 0.783069 0.087500 0.779541 0.086250 0.768959 0.090000 0.765432 0.095000 0.738977 0.116250 0.719577 0.140000 0.719577 0.142500 0.726631 0.157500 0.737213 0.157500 0.747795 0.161250 0.753086 0.158750 0.756614 0.161250 0.753086 0.163750 0.763668 0.171250 0.774250 0.172500 0.811287 0.170000 0.825397 0.165000 0.827160 0.157500 0.839506 0.152500 0.857143 0.131250 0.864198 0.113750 0.860670 0.106250 0.871252 0.118750 0.881834 0.161250 0.881834 0.176250 0.873016 0.195000 0.839506 0.197500 0.818342 0.193750 0.788360 0.183750 0.742504 0.166250 0.710758 0.143750 0.694885
12 0.673750 0.708995 0.672500 0.719577 0.657500 0.721340 0.658750 0.733686 0.661250 0.735450 0.670000 0.731922 0.676250 0.723104 0.685000 0.723104 0.687500 0.717813 0.705000 0.717813 0.720000 0.733686 0.726250 0.735450 0.740000 0.754850 0.740000 0.763668 0.743750 0.767196 0.748750 0.783069 0.748750 0.825397 0.743750 0.830688 0.740000 0.850088 0.730000 0.871252 0.702500 0.890653 0.687500 0.890653 0.675000 0.883598 0.670000 0.876543 0.658750 0.874780 0.650000 0.848325 0.641250 0.837743 0.642500 0.832451 0.638750 0.825397 0.638750 0.784832 0.636250 0.783069 0.641250 0.779541 0.642500 0.770723 0.635000 0.768959 0.631250 0.777778 0.633750 0.783069 0.630000 0.790123 0.628750 0.804233 0.632500 0.850088 0.650000 0.885362 0.670000 0.904762 0.706250 0.910053 0.737500 0.904762 0.758750 0.881834 0.772500 0.848325 0.775000 0.816578 0.771250 0.793651 0.765000 0.783069 0.756250 0.753086 0.750000 0.747795 0.748750 0.740741 0.733750 0.719577 0.721250 0.717813 0.716250 0.707231 0.702500 0.703704 0.685000 0.703704
15 0.472750 0.357266 0.453587 0.515732 0.438387 0.582840 0.435750 0.683510 0.442350 0.809347 0.229625 0.802822 0.215750 0.779524 0.207162 0.681640 0.209800 0.597760 0.219050 0.550212 0.234912 0.530635 0.269200 0.530635 0.266625 0.480300 0.335325 0.387090 0.359113 0.368448
11 0.371325 0.575309 0.430050 0.569489 0.431887 0.582434 0.374538 0.592152
10 0.265850 0.472840 0.245200 0.475432 0.235113 0.499383 0.235113 0.518801 0.241987 0.530459 0.263562 0.530459
8 0.339162 0.365556 0.474725 0.359965 0.695913 0.347672 0.771225 0.336473 0.829900 0.358854 0.829900 0.340952 0.786288 0.327531 0.713363 0.319700 0.619812 0.318589 0.547663 0.321940 0.445400 0.336473 0.383562 0.345432
4 0.800037 0.548360 0.807300 0.585044 0.819525 0.581799 0.814562 0.547284
3 0.836125 0.562169 0.851725 0.623668 0.889800 0.621076 0.876950 0.560229
13 0.698712 0.699400 0.657038 0.713422 0.640600 0.740935 0.628750 0.780864 0.629513 0.824021 0.636012 0.856914 0.648250 0.885503 0.665450 0.902769 0.689925 0.909788 0.723187 0.908713 0.747650 0.900071 0.763325 0.872028 0.773275 0.843439 0.776325 0.815379 0.767912 0.777619 0.755687 0.746878 0.736187 0.720441 0.717450 0.703175
11 0.587413 0.564303 0.648438 0.558483 0.650725 0.572716 0.588788 0.577901
