11 0.821366 0.565495 0.825859 0.556294 0.830881 0.553802 0.837093 0.554569 0.848062 0.558211 0.851498 0.566070 0.848458 0.575080 0.832863 0.578339 0.825330 0.573546
12 0.533040 0.658147 0.514317 0.650160 0.502203 0.650160 0.498899 0.659744 0.494493 0.658147 0.486784 0.669329 0.481278 0.685304 0.483480 0.688498 0.477974 0.690096 0.475771 0.702875 0.482379 0.702875 0.483480 0.694888 0.490088 0.693291 0.483480 0.691693 0.483480 0.688498 0.497797 0.686901 0.501101 0.678914 0.524229 0.680511 0.525330 0.685304 0.531938 0.686901 0.534141 0.694888 0.539648 0.696486 0.539648 0.701278 0.546256 0.702875 0.548458 0.717252 0.557269 0.722045 0.556167 0.725240 0.559471 0.730032 0.559471 0.741214 0.562775 0.750799 0.561674 0.757188 0.563877 0.760383 0.563877 0.768371 0.561674 0.769968 0.562775 0.782748 0.560573 0.785942 0.561674 0.795527 0.557269 0.801917 0.557269 0.813099 0.551762 0.816294 0.544053 0.845048 0.533040 0.851438 0.528634 0.859425 0.511013 0.862620 0.500000 0.857827 0.481278 0.838658 0.481278 0.833866 0.472467 0.824281 0.474670 0.821086 0.465859 0.806709 0.469163 0.801917 0.466960 0.793930 0.464758 0.793930 0.459251 0.814696 0.439427 0.824281 0.435022 0.832268 0.435022 0.853035 0.451542 0.876997 0.466960 0.884984 0.515419 0.884984 0.535242 0.878594 0.548458 0.867412 0.555066 0.856230 0.564978 0.824281 0.564978 0.814696 0.568282 0.811502 0.570485 0.795527 0.568282 0.730032 0.556167 0.688498
12 0.871145 0.659744 0.857930 0.661342 0.844714 0.682109 0.844714 0.688498 0.837004 0.704473 0.835903 0.720447 0.830396 0.741214 0.829295 0.793930 0.824890 0.801917 0.806167 0.819489 0.806167 0.833866 0.809471 0.837061 0.813877 0.854633 0.829295 0.869010 0.873348 0.870607 0.882159 0.865815 0.889868 0.854633 0.900881 0.819489 0.899780 0.805112 0.892070 0.821086 0.892070 0.829073 0.894273 0.830671 0.892070 0.835463 0.887665 0.832268 0.881057 0.843450 0.872247 0.843450 0.854626 0.825879 0.854626 0.817891 0.849119 0.809904 0.850220 0.801917 0.842511 0.792332 0.845815 0.785942 0.842511 0.782748 0.844714 0.777955 0.840308 0.758786 0.842511 0.739617 0.840308 0.736422 0.842511 0.733227 0.841410 0.728435 0.845815 0.723642 0.841410 0.720447 0.841410 0.715655 0.846916 0.717252 0.850220 0.709265 0.850220 0.698083 0.855727 0.694888 0.857930 0.686901 0.872247 0.683706 0.892070 0.698083 0.892070 0.710863 0.897577 0.720447 0.899780 0.733227 0.901982 0.733227 0.899780 0.709265 0.893172 0.686901 0.879956 0.664537
0 0.444593 0.628307 0.474504 0.653147 0.485474 0.664409 0.477709 0.680319 0.470628 0.710463 0.464460 0.748882 0.463095 0.768419 0.464460 0.784984 0.458976 0.817125 0.421300 0.819441 0.347081 0.820431 0.290209 0.821102 0.215760 0.820096 0.131729 0.815463 0.098150 0.806853 0.078062 0.804201 0.071894 0.776374 0.077368 0.758818 0.075319 0.692572 0.077830 0.660447 0.084681 0.633275 0.095870 0.642220 0.115055 0.651502 0.119626 0.648850 0.130584 0.671038 0.141542 0.678003 0.172599 0.680319 0.205947 0.682300 0.243623 0.681645 0.266696 0.675671 0.301630 0.655479 0.348447 0.647188 0.427004 0.634265
1 0.319372 0.728243 0.395496 0.724649 0.392830 0.759984 0.341068 0.766597 0.326597 0.749489
1 0.082434 0.720240 0.106795 0.726853 0.105077 0.756118 0.100705 0.764121 0.087004 0.757492 0.083194 0.739281
2 0.112203 0.769553 0.119053 0.727604 0.272819 0.729808 0.296167 0.772013 0.275617 0.784984 0.185793 0.782780 0.121090 0.779744
2 0.133535 0.619473 0.135275 0.648466 0.144637 0.667780 0.205848 0.672620 0.255330 0.671917 0.277379 0.650304 0.293073 0.620623
4 0.191289 0.623674 0.209372 0.623275 0.214846 0.628435 0.210463 0.655863 0.201971 0.661438 0.188271 0.661038 0.184427 0.651102 0.186079 0.628035
5 0.534604 0.523099 0.530958 0.549313 0.511773 0.553914 0.492104 0.558754 0.461971 0.572780 0.434064 0.579217 0.395529 0.588419 0.331134 0.602907 0.298623 0.608435 0.292280 0.617636 0.221388 0.618099 0.132104 0.616486 0.129570 0.607508 0.113073 0.594856 0.106729 0.581294 0.117511 0.573003 0.135121 0.563355 0.163822 0.548850 0.186344 0.538051 0.213943 0.531597 0.253425 0.523546 0.273888 0.524010 0.310683 0.520559 0.343502 0.519649 0.381729 0.520096 0.424703 0.521022 0.483062 0.522396
6 0.445639 0.628914 0.474659 0.652604 0.484967 0.665479 0.491156 0.654665 0.509394 0.631438 0.529537 0.625224 0.556178 0.643403 0.566960 0.669393 0.573150 0.699073 0.573458 0.735176 0.573778 0.759792 0.575363 0.779808 0.572985 0.812939 0.591222 0.815463 0.589317 0.780495 0.587896 0.740927 0.588524 0.705048 0.584559 0.631214 0.584405 0.589569 0.572511 0.547700 0.528425 0.548850 0.501784 0.556677 0.492269 0.558291 0.464824 0.571853 0.470066 0.579457 0.458645 0.603834
7 0.606740 0.402780 0.546597 0.397268 0.488932 0.395335 0.436597 0.398099 0.386167 0.406102 0.350584 0.436741 0.305099 0.483387 0.274075 0.517348 0.295198 0.521486 0.321839 0.520927 0.374174 0.519281 0.408811 0.520096 0.465529 0.521214 0.507588 0.522316 0.535562 0.521486 0.546784 0.518450 0.565628 0.482013 0.584086 0.443914
8 0.387280 0.405319 0.416773 0.400719 0.437070 0.397029 0.489570 0.394281 0.534449 0.395655 0.563469 0.397029 0.608040 0.401629 0.698590 0.397268 0.763458 0.414984 0.793590 0.432923 0.809923 0.448562 0.832919 0.474792 0.838150 0.468115 0.825143 0.454313 0.800242 0.429473 0.775826 0.410607 0.731894 0.389217 0.693359 0.381853 0.639273 0.374026 0.573150 0.372652 0.520022 0.374026 0.483381 0.377029 0.449130 0.383227 0.417566 0.389441 0.399648 0.396805
9 0.908480 0.674601 0.920925 0.653035 0.940198 0.618051 0.932048 0.599361 0.916189 0.571725 0.915198 0.563099 0.908040 0.539936 0.844934 0.536741 0.854626 0.561502 0.856498 0.586901 0.848458 0.641693 0.833370 0.698882 0.811123 0.767891 0.803524 0.782907 0.802863 0.795847 0.826762 0.796166 0.827203 0.783866 0.829405 0.742332 0.836894 0.699361 0.850330 0.663099 0.865529 0.644089 0.881608 0.638978 0.895705 0.648562 0.903965 0.661502
10 0.589835 0.527604 0.602621 0.526278 0.603998 0.503435 0.619295 0.492827 0.660176 0.493818 0.662456 0.500783 0.667478 0.522971 0.664515 0.535224 0.643954 0.542524 0.596002 0.546821
11 0.704747 0.571438 0.711597 0.561502 0.725110 0.562620 0.735573 0.568962 0.734626 0.576693 0.727015 0.584425 0.711597 0.586901 0.704747 0.581933
13 0.500352 0.645703 0.524714 0.649840 0.541079 0.663914 0.559725 0.695671 0.569240 0.727412 0.573623 0.764952 0.571531 0.807732 0.554780 0.855495 0.534989 0.881997 0.512346 0.885032 0.484747 0.883371 0.452015 0.881166 0.432599 0.850240 0.430892 0.841693 0.436222 0.827061 0.457919 0.818498 0.465716 0.788690 0.464009 0.757492 0.470474 0.717476 0.479416 0.678275
13 0.850716 0.665304 0.859659 0.653706 0.875639 0.656470 0.886872 0.673307 0.893337 0.686278 0.901333 0.709473 0.905330 0.736518 0.907423 0.768818 0.903425 0.815192 0.892577 0.851629 0.881156 0.865974 0.871267 0.869840 0.849758 0.871230 0.825396 0.869297 0.814548 0.856310 0.804273 0.830639 0.803513 0.819601 0.828634 0.796693 0.829020 0.777364 0.830914 0.739824 0.838337 0.697045
14 0.697797 0.398179 0.736971 0.406470 0.766784 0.416358 0.785661 0.427636 0.804053 0.443275 0.822764 0.463051 0.833238 0.477540 0.840055 0.495719 0.844339 0.538051 0.855914 0.562652 0.856388 0.590719 0.848778 0.639489 0.839890 0.674457 0.814835 0.757955 0.802148 0.782332 0.769802 0.787396 0.737126 0.790383 0.739031 0.760256 0.738392 0.745080 0.740771 0.680208 0.738711 0.570479 0.726498 0.535048 0.719846 0.491581 0.707952 0.433610
15 0.698062 0.398722 0.658414 0.399297 0.635683 0.408115 0.619824 0.424984 0.595110 0.473291 0.575683 0.522364 0.572907 0.548435 0.584670 0.590607 0.585330 0.636422 0.587445 0.682236 0.587313 0.747987 0.588634 0.774824 0.591410 0.792843 0.597489 0.795719 0.655507 0.790927 0.720529 0.789201 0.737709 0.788626 0.739031 0.759872 0.738238 0.742236 0.740088 0.651565 0.739295 0.571246 0.725947 0.532716 0.716828 0.477316 0.706520 0.427668
