6 0.480430 0.595799 0.492346 0.586805 0.522379 0.571454 0.497819 0.518195 0.401762 0.495799 0.397137 0.526486 0.395441 0.549585 0.393976 0.602316 0.392026 0.710256 0.405044 0.708498 0.402610 0.674984 0.403095 0.637764 0.412093 0.590319 0.425837 0.567396 0.437632 0.556645 0.454163 0.556645 0.470088 0.571805
5 0.632996 0.542971 0.657368 0.545719 0.703172 0.545112 0.785738 0.544808 0.837214 0.544201 0.854240 0.543898 0.854449 0.533227 0.846674 0.517987 0.834703 0.504888 0.802335 0.483850 0.755066 0.464649 0.732159 0.460383 0.707577 0.463435 0.694548 0.462827 0.668084 0.457332 0.631729 0.455208 0.597269 0.456118 0.552731 0.457332 0.524989 0.457955 0.500617 0.459776 0.483811 0.460383 0.453767 0.458866 0.470363 0.464649 0.492423 0.470751 0.519736 0.480495 0.541167 0.485383 0.567643 0.495128 0.592015 0.507620 0.609879 0.519505 0.621850 0.529872
0 0.480407 0.594808 0.492665 0.586550 0.521112 0.572588 0.548106 0.578514 0.600341 0.587827 0.650540 0.594377 0.683656 0.607077 0.722467 0.621054 0.757489 0.624217 0.815264 0.621677 0.843282 0.608355 0.854515 0.593962 0.865022 0.586757 0.872753 0.577668 0.881366 0.588035 0.884141 0.596294 0.886322 0.609201 0.889681 0.635655 0.890991 0.653003 0.889394 0.675447 0.887059 0.689824 0.889537 0.702955 0.881806 0.732364 0.861960 0.734904 0.800099 0.735751 0.742026 0.739776 0.675044 0.740415 0.610705 0.743594 0.554813 0.743802 0.506233 0.742109 0.505066 0.713115 0.496311 0.655128 0.486244 0.612796
4 0.753381 0.572843 0.755485 0.567668 0.774185 0.567668 0.778392 0.573450 0.780914 0.598754 0.778183 0.602109 0.760110 0.603930 0.756751 0.596310
3 0.735319 0.625879 0.734053 0.669457 0.815782 0.669457 0.814945 0.623435
2 0.700264 0.666102 0.710606 0.711454 0.831630 0.707061 0.841211 0.663546
10 0.323370 0.421422 0.362379 0.416821 0.368403 0.422796 0.373800 0.437987 0.379670 0.449936 0.394736 0.450863 0.397588 0.457540 0.391244 0.472939 0.386641 0.480304 0.377291 0.478243 0.345727 0.472252 0.326377 0.468115 0.317974 0.454313 0.318293 0.431310
11 0.277533 0.491118 0.287445 0.481725 0.298150 0.481342 0.303436 0.486326 0.304626 0.499361 0.303304 0.508562 0.287709 0.504728 0.274758 0.501470 0.275419 0.493610
11 0.194163 0.466613 0.205176 0.464537 0.208811 0.467572 0.210022 0.479872 0.207819 0.485304 0.185242 0.482588 0.187004 0.474760 0.189868 0.471406
13 0.480132 0.594824 0.487930 0.619744 0.496123 0.653674 0.499956 0.680319 0.503656 0.711565 0.506300 0.742236 0.529295 0.744728 0.526520 0.764089 0.520705 0.782684 0.509604 0.801661 0.487533 0.807987 0.471806 0.810671 0.447357 0.809137 0.436916 0.798019 0.424361 0.771374 0.418811 0.735527 0.414978 0.695080 0.419736 0.641214 0.428458 0.610927 0.440749 0.587732 0.451057 0.579297 0.466256 0.577380 0.473392 0.584473
13 0.175110 0.571565 0.165198 0.571565 0.153965 0.580511 0.143282 0.602875 0.137225 0.629872 0.134692 0.657029 0.135683 0.693131 0.139758 0.727157 0.151101 0.757987 0.158811 0.766613 0.171476 0.769649 0.191850 0.770607 0.205727 0.769649 0.217401 0.749681 0.223018 0.733706 0.225330 0.717252 0.198128 0.703355 0.194714 0.698083 0.194934 0.681310 0.192401 0.659425 0.187775 0.632428 0.183260 0.605751
14 0.316410 0.328275 0.301542 0.330192 0.278304 0.334665 0.260352 0.343131 0.246586 0.350958 0.236564 0.359904 0.223348 0.373482 0.212555 0.386741 0.207599 0.395048 0.199449 0.419808 0.193282 0.444728 0.186013 0.454952 0.181388 0.471086 0.180176 0.489776 0.178965 0.501278 0.179185 0.535623 0.181718 0.551597 0.188877 0.583866 0.195374 0.619489 0.203744 0.661661 0.211784 0.680192 0.224890 0.687859 0.271696 0.692652 0.269163 0.653514 0.266850 0.590735 0.270374 0.505272 0.279956 0.461182 0.287004 0.453195 0.292181 0.422524 0.301101 0.379393 0.307930 0.355272
15 0.316189 0.327157 0.324119 0.327157 0.335242 0.327476 0.345044 0.329233 0.359361 0.335942 0.370815 0.349361 0.380286 0.374281 0.388877 0.403674 0.395705 0.429233 0.401542 0.451118 0.406828 0.472364 0.404405 0.488498 0.398899 0.511821 0.396256 0.538179 0.394824 0.572045 0.393392 0.638818 0.392070 0.707987 0.337665 0.700799 0.271476 0.692492 0.268502 0.643291 0.266410 0.588498 0.270374 0.504153 0.280066 0.459904 0.287004 0.453355 0.296256 0.401278 0.305176 0.364696
9 0.111233 0.530671 0.116079 0.546166 0.122026 0.561342 0.132379 0.587859 0.135573 0.571246 0.140859 0.560703 0.150881 0.549840 0.163656 0.548403 0.174229 0.565495 0.181167 0.586102 0.186123 0.605911 0.189978 0.636741 0.194273 0.660224 0.196806 0.679233 0.195485 0.699681 0.204515 0.700160 0.202643 0.673163 0.196586 0.636741 0.188656 0.588658 0.179075 0.535304 0.178855 0.501278 0.180617 0.485623 0.134912 0.479553 0.124449 0.500479 0.116300 0.519010
2 0.661586 0.560703 0.678535 0.597125 0.717258 0.610735 0.812269 0.612923 0.843733 0.597125 0.836476 0.556757 0.813480 0.563339 0.703645 0.562460
1 0.869989 0.659984 0.879615 0.655974 0.883260 0.659361 0.882830 0.671422 0.880496 0.679042 0.876256 0.683690 0.869989 0.684968 0.867797 0.678195 0.867357 0.668243
1 0.562390 0.668850 0.567225 0.661230 0.581300 0.660000 0.589284 0.663355 0.592434 0.673115 0.589284 0.684696 0.579416 0.688658 0.565969 0.685911 0.561134 0.677684
12 0.161894 0.576677 0.153084 0.583067 0.146476 0.595847 0.142070 0.610224 0.140969 0.624601 0.145374 0.624601 0.145374 0.619808 0.150881 0.615016 0.151982 0.608626 0.160793 0.602236 0.166300 0.602236 0.172907 0.610224 0.172907 0.616613 0.182819 0.627796 0.187225 0.672524 0.185022 0.698083 0.188326 0.699681 0.182819 0.704473 0.186123 0.715655 0.179515 0.720447 0.179515 0.731629 0.171806 0.734824 0.168502 0.744409 0.166300 0.742812 0.161894 0.747604 0.157489 0.739617 0.156388 0.744409 0.149780 0.746006 0.146476 0.720447 0.143172 0.717252 0.140969 0.722045 0.142070 0.733227 0.145374 0.736422 0.149780 0.750799 0.154185 0.749201 0.156388 0.752396 0.154185 0.760383 0.157489 0.765176 0.177313 0.769968 0.203744 0.768371 0.218062 0.749201 0.221366 0.734824 0.221366 0.715655 0.218062 0.710863 0.200441 0.702875 0.196035 0.696486 0.193833 0.670927 0.190529 0.667732 0.186123 0.610224 0.181718 0.592652 0.174009 0.578275
12 0.447137 0.586262 0.439427 0.592652 0.431718 0.605431 0.424009 0.627796 0.422907 0.648562 0.427313 0.646965 0.425110 0.635783 0.430617 0.630990 0.436123 0.618211 0.444934 0.616613 0.448238 0.611821 0.452643 0.616613 0.461454 0.618211 0.470264 0.627796 0.477974 0.650160 0.481278 0.678914 0.485683 0.688498 0.484581 0.702875 0.486784 0.704473 0.484581 0.717252 0.481278 0.718850 0.482379 0.731629 0.479075 0.736422 0.476872 0.763578 0.470264 0.766773 0.468062 0.781150 0.460352 0.787540 0.453744 0.787540 0.434692 0.772045 0.425551 0.773482 0.436564 0.793610 0.448899 0.807668 0.502203 0.806709 0.517621 0.792332 0.523128 0.779553 0.527533 0.749201 0.523128 0.744409 0.511013 0.742812 0.506608 0.736422 0.494493 0.643770 0.483480 0.603834 0.477974 0.592652 0.465859 0.583067
8 0.381718 0.336102 0.444714 0.331789 0.524119 0.332268 0.570154 0.335463 0.611784 0.340096 0.597797 0.330351 0.557489 0.319649 0.511564 0.313738 0.481057 0.308946 0.429515 0.305751 0.405176 0.304153 0.364537 0.306070 0.316850 0.312939 0.269714 0.326358 0.242401 0.347125 0.218392 0.373962 0.219934 0.377476 0.242731 0.354633 0.269604 0.336422 0.299119 0.329553 0.335573 0.326997 0.354185 0.332428
7 0.610848 0.340447 0.547126 0.333834 0.493458 0.332508 0.448932 0.332173 0.387731 0.336805 0.400518 0.376901 0.418789 0.431550 0.429515 0.456390 0.458524 0.457716 0.517896 0.453083 0.612676 0.453738 0.673877 0.457716 0.711784 0.464010 0.708128 0.451422 0.678447 0.414329 0.644868 0.377556
