11 0.280551 0.552125 0.287401 0.551853 0.291399 0.545495 0.301674 0.548259 0.307004 0.559026 0.307952 0.566757 0.300341 0.576693 0.291013 0.580272 0.285870 0.571997 0.282070 0.564553 0.273888 0.560687 0.273502 0.554329
12 0.140969 0.651757 0.132159 0.659744 0.117841 0.694888 0.111233 0.739617 0.111233 0.779553 0.114537 0.805112 0.125551 0.841853 0.134361 0.854633 0.154185 0.861022 0.186123 0.857827 0.202643 0.835463 0.209251 0.813099 0.209251 0.793930 0.204846 0.790735 0.205947 0.785942 0.200441 0.774760 0.188326 0.768371 0.184031 0.706390 0.166960 0.708946 0.170595 0.761502 0.170374 0.769169 0.169934 0.774281 0.167401 0.782748 0.167401 0.790735 0.162996 0.797125 0.161894 0.805112 0.151982 0.817891 0.138106 0.821885 0.126652 0.806709 0.120705 0.776038 0.121145 0.746645 0.125551 0.710863 0.133260 0.691693 0.141960 0.681629 0.150991 0.682109 0.159031 0.690256 0.164097 0.698083 0.165198 0.709265 0.168502 0.712460 0.177313 0.706070 0.185022 0.710863 0.182819 0.706070 0.185022 0.702875 0.182819 0.685304 0.172907 0.656550 0.158590 0.646965 0.150881 0.651757
0 0.498458 0.631310 0.508150 0.618051 0.542181 0.582907 0.569273 0.594249 0.598458 0.604473 0.597247 0.592173 0.611784 0.598722 0.624449 0.610543 0.655396 0.618850 0.651322 0.603195 0.635903 0.582268 0.659031 0.583546 0.668282 0.608786 0.701982 0.646166 0.830617 0.649521 0.840308 0.625240 0.844273 0.601278 0.841300 0.582748 0.854185 0.580831 0.856498 0.615495 0.865088 0.614537 0.870925 0.593131 0.875661 0.597604 0.877753 0.589936 0.883480 0.600958 0.889207 0.630192 0.889758 0.651438 0.892621 0.680511 0.892291 0.724121 0.890198 0.752716 0.883040 0.781150 0.872357 0.789776 0.858921 0.791853 0.818833 0.793610 0.761123 0.796965 0.666410 0.796965 0.617952 0.796006 0.537115 0.803674 0.527643 0.772524 0.522907 0.734665 0.516079 0.693291 0.512445 0.659425 0.503744 0.640575
1 0.592467 0.711390 0.601784 0.710288 0.605022 0.721342 0.602930 0.737348 0.594934 0.741486 0.588084 0.735144 0.586377 0.720224
1 0.877952 0.708035 0.884780 0.707812 0.888579 0.718163 0.887159 0.729888 0.881762 0.736565 0.876211 0.730575 0.874152 0.718850
2 0.671817 0.590543 0.835110 0.589553 0.837390 0.601150 0.823458 0.632284 0.712930 0.636597 0.687808 0.616709 0.675242 0.603466
3 0.722742 0.673019 0.819119 0.672029 0.820264 0.719728 0.721608 0.719728
4 0.729824 0.533243 0.745132 0.533243 0.756090 0.550799 0.738733 0.552460 0.738502 0.543179 0.731200 0.543834 0.727544 0.537540
5 0.467236 0.485048 0.469141 0.499393 0.480562 0.509888 0.516344 0.525623 0.523756 0.521486 0.577236 0.544665 0.635088 0.581390 0.659637 0.584696 0.659637 0.573371 0.745661 0.571454 0.835110 0.573099 0.841960 0.583594 0.854703 0.577796 0.857941 0.561230 0.859846 0.542732 0.850143 0.523962 0.833965 0.510990 0.785815 0.491677 0.762412 0.483115 0.740143 0.482556 0.699229 0.480080 0.637379 0.480080 0.576663 0.478419 0.513293 0.479249 0.478844 0.480080 0.470474 0.481182
6 0.542335 0.581933 0.525430 0.600160 0.506256 0.620687 0.498260 0.632620 0.489119 0.618371 0.465606 0.607109 0.441619 0.607444 0.425639 0.627652 0.419923 0.648850 0.415584 0.678323 0.413767 0.713435 0.413304 0.723371 0.405308 0.723371 0.405308 0.683626 0.407368 0.642891 0.412852 0.572668 0.415815 0.514026
7 0.402577 0.360128 0.437104 0.354968 0.512467 0.357748 0.553568 0.358147 0.594405 0.358546 0.616872 0.366086 0.645099 0.384377 0.688128 0.422540 0.705385 0.439633 0.724295 0.458706 0.739372 0.478195 0.736355 0.479776 0.703194 0.478195 0.662368 0.474617 0.595771 0.473419 0.548910 0.475000 0.488348 0.475000 0.469714 0.475000 0.460121 0.469042 0.443678 0.436054 0.427786 0.405847 0.411344 0.376821
8 0.402533 0.360272 0.366751 0.360272 0.344681 0.353658 0.299581 0.357236 0.244956 0.367460 0.205947 0.375176 0.177588 0.389808 0.175308 0.382907 0.178161 0.373802 0.182919 0.369393 0.204989 0.358898 0.209185 0.350064 0.214317 0.343163 0.242489 0.329089 0.250286 0.325224 0.290628 0.314457 0.327170 0.310032 0.357236 0.310591 0.369042 0.311422 0.383502 0.316390 0.388833 0.324936 0.402346 0.326054 0.446498 0.325767 0.456773 0.323019 0.510815 0.316661 0.550980 0.318866 0.582753 0.324665 0.600452 0.339569 0.609967 0.351166 0.614923 0.361374 0.594559 0.355863 0.577236 0.357796 0.520529 0.357796 0.475991 0.355863 0.445540 0.355032 0.436410 0.354473
9 0.187137 0.718850 0.205374 0.721150 0.198877 0.694696 0.181740 0.645703 0.166674 0.597396 0.163348 0.549089 0.108480 0.544952 0.099273 0.595319 0.115925 0.624760 0.122115 0.610735 0.137026 0.602907 0.159229 0.611661 0.175716 0.644313 0.186982 0.682045 0.187610 0.703435
10 0.323106 0.479249 0.346167 0.465335 0.364890 0.462348 0.383844 0.472284 0.391156 0.485543 0.392753 0.499457 0.389780 0.507412 0.407819 0.508722 0.398238 0.534233 0.374482 0.524633 0.332236 0.517348 0.324471 0.501118 0.322643 0.489185
11 0.176432 0.533482 0.181982 0.532141 0.187401 0.525240 0.192026 0.524089 0.198370 0.526965 0.203656 0.536358 0.205639 0.542875 0.200485 0.549010 0.192555 0.556294 0.184229 0.549776 0.181189 0.541534 0.177225 0.542684 0.175507 0.538850
13 0.170958 0.642939 0.150980 0.643626 0.135749 0.652364 0.123062 0.678131 0.114978 0.705735 0.111487 0.736789 0.111013 0.772444 0.115132 0.807636 0.123381 0.836853 0.134009 0.853642 0.154945 0.862396 0.179053 0.859633 0.189196 0.858482 0.199350 0.843291 0.211079 0.808339 0.210606 0.790623 0.202522 0.776358 0.191101 0.758419 0.186189 0.725064 0.184912 0.698834 0.181586 0.673770 0.173811 0.651214
13 0.502070 0.643498 0.474086 0.643498 0.458866 0.651502 0.437555 0.671102 0.421377 0.697588 0.412434 0.726022 0.411289 0.738179 0.408811 0.767716 0.412048 0.809121 0.427081 0.845831 0.441167 0.869010 0.458106 0.882540 0.478084 0.886406 0.506443 0.888067 0.536894 0.879505 0.557830 0.852460 0.567148 0.834233 0.570573 0.814361 0.537081 0.807188 0.530231 0.791454 0.525661 0.769089 0.522434 0.740927 0.515385 0.699249 0.506256 0.664473
14 0.312896 0.357796 0.290441 0.359728 0.242489 0.369393 0.221366 0.376565 0.217368 0.394233 0.208800 0.422668 0.198337 0.464073 0.193954 0.485591 0.185198 0.493323 0.172456 0.512652 0.166553 0.537492 0.165980 0.563435 0.165980 0.584968 0.171123 0.605399 0.181200 0.635767 0.190154 0.668882 0.206707 0.722716 0.209185 0.730990 0.220033 0.743690 0.271982 0.751693 0.271410 0.729888 0.273678 0.693610 0.273128 0.645431 0.270463 0.581390 0.277126 0.532252 0.284548 0.499952 0.291200 0.453019 0.298249 0.416869 0.306046 0.382636
15 0.312742 0.359073 0.333833 0.357700 0.352070 0.358850 0.369515 0.366214 0.382522 0.379089 0.390286 0.389441 0.409637 0.426486 0.425969 0.460751 0.416300 0.514808 0.414868 0.537588 0.413282 0.564952 0.409317 0.618786 0.406145 0.661342 0.405352 0.700911 0.405352 0.742077 0.401388 0.766230 0.363965 0.762093 0.319879 0.756805 0.271509 0.751054 0.271982 0.716773 0.273414 0.697684 0.272930 0.648003 0.270551 0.580607 0.273888 0.553690 0.282445 0.507907 0.291960 0.448099 0.303062 0.394281
12 0.453744 0.656550 0.439427 0.669329 0.422907 0.694888 0.415198 0.717252 0.408590 0.750799 0.407489 0.782748 0.409692 0.800319 0.422907 0.840256 0.442731 0.872204 0.464758 0.884984 0.515419 0.884984 0.538546 0.873802 0.548458 0.864217 0.561674 0.843450 0.568282 0.824281 0.569383 0.814696 0.567181 0.811502 0.538546 0.805112 0.529736 0.793930 0.529736 0.787540 0.527533 0.787540 0.528634 0.793930 0.523128 0.805112 0.523128 0.811502 0.513216 0.829073 0.497797 0.843450 0.475771 0.846645 0.468062 0.845048 0.451542 0.830671 0.444934 0.809904 0.438326 0.798722 0.438326 0.785942 0.433921 0.776358 0.436123 0.771565 0.432819 0.760383 0.435022 0.757188 0.433921 0.744409 0.437225 0.730032 0.443833 0.723642 0.448238 0.710863 0.453744 0.709265 0.452643 0.706070 0.469163 0.694888 0.471366 0.690096 0.475771 0.693291 0.479075 0.688498 0.485683 0.688498 0.488987 0.693291 0.498899 0.694888 0.502203 0.702875 0.509912 0.706070 0.501101 0.707668 0.502203 0.710863 0.511013 0.710863 0.512115 0.717252 0.515419 0.717252 0.514317 0.694888 0.505507 0.669329 0.502203 0.667732 0.498899 0.650160 0.476872 0.646965
