11 0.712125 0.364374 0.714250 0.355203 0.718000 0.352557 0.724250 0.353616 0.725625 0.356966 0.723500 0.362787 0.718625 0.368959 0.715250 0.372134 0.711875 0.369841
13 0.564475 0.539436 0.579600 0.556702 0.585363 0.589206 0.586800 0.636702 0.582662 0.673774 0.575825 0.707302 0.560875 0.736508 0.541438 0.754286 0.527937 0.755556 0.514800 0.742099 0.513537 0.727619 0.517500 0.714409 0.521275 0.690035 0.518575 0.655996 0.525962 0.613845 0.538375 0.569647 0.553500 0.540705
14 0.645475 0.248377 0.660062 0.248131 0.670675 0.250917 0.689575 0.264638 0.702725 0.280388 0.714775 0.296896 0.720363 0.307302 0.725938 0.332451 0.729900 0.368765 0.722700 0.406102 0.714063 0.436578 0.701275 0.508183 0.694975 0.476437 0.680763 0.393898 0.665825 0.353263 0.660238 0.326349 0.653038 0.287743
15 0.645125 0.247866 0.634500 0.248889 0.622263 0.253968 0.615062 0.260071 0.604263 0.287231 0.594175 0.325079 0.588600 0.350229 0.590575 0.390353 0.599038 0.431235 0.601025 0.466032 0.603175 0.536120 0.606062 0.590229 0.605700 0.610794 0.624775 0.587178 0.639362 0.572945 0.657175 0.556190 0.677875 0.535873 0.701638 0.511499 0.686875 0.429718 0.680575 0.392892 0.664925 0.350723 0.653575 0.290794
12 0.561250 0.541446 0.556250 0.543210 0.551250 0.555556 0.541250 0.567901 0.521250 0.643739 0.520000 0.698413 0.512500 0.737213 0.516250 0.749559 0.528750 0.756614 0.548750 0.749559 0.556250 0.735450 0.562500 0.731922 0.563750 0.721340 0.568750 0.717813 0.577875 0.669312 0.561250 0.717813 0.552500 0.721340 0.541250 0.717813 0.531250 0.696649 0.530000 0.643739 0.533750 0.624339 0.531250 0.619048 0.541250 0.601411 0.545000 0.593827 0.546250 0.589065 0.565000 0.571429 0.566250 0.576720 0.573750 0.578483 0.578750 0.592593 0.583750 0.596120 0.577500 0.557319 0.568750 0.544974
12 0.712500 0.514991 0.711250 0.522046 0.701250 0.537919 0.700000 0.550265 0.702500 0.553792 0.718750 0.555556 0.726250 0.544974 0.727500 0.534392 0.722500 0.532628 0.721250 0.536155 0.718750 0.532628 0.717500 0.516755
0 0.546837 0.550617 0.530637 0.539012 0.507162 0.527090 0.474062 0.553933 0.442600 0.565185 0.404338 0.575132 0.347988 0.589365 0.309013 0.612892 0.263238 0.607584 0.224263 0.599312 0.178250 0.584074 0.155238 0.569824 0.151250 0.540353 0.143500 0.514515 0.138813 0.498272 0.139275 0.485026 0.134350 0.495961 0.127537 0.512857 0.126837 0.530406 0.126125 0.566843 0.133412 0.594004 0.133875 0.614550 0.130825 0.627125 0.134813 0.650317 0.145613 0.679471 0.174025 0.693386 0.222150 0.711270 0.300325 0.735115 0.348463 0.739418 0.358325 0.749030 0.405037 0.749365 0.460450 0.748042 0.483450 0.744056 0.514912 0.723527 0.520550 0.692716 0.517725 0.651305 0.529000 0.597654 0.538625 0.569489
1 0.420375 0.671746 0.427887 0.676508 0.432038 0.690758 0.428412 0.703933 0.420375 0.709418 0.409500 0.701411 0.408450 0.686014 0.409488 0.676508 0.414150 0.672469
2 0.163912 0.499418 0.164538 0.560423 0.228300 0.588942 0.306688 0.598607 0.337162 0.558219 0.346187 0.539788 0.329387 0.539788 0.270913 0.541552 0.255675 0.545062 0.242925 0.561305 0.211250 0.551146 0.207775 0.528818 0.176987 0.508642
3 0.170137 0.602981 0.266250 0.603422 0.267500 0.685062 0.168588 0.680670
4 0.218200 0.500476 0.242825 0.505044 0.248000 0.514497 0.241313 0.553492 0.224675 0.556243 0.211712 0.549541 0.210425 0.533386 0.211712 0.506878
5 0.543963 0.389841 0.528300 0.404568 0.480600 0.429453 0.437038 0.457143 0.412925 0.475944 0.390062 0.501587 0.334075 0.505644 0.271075 0.499806 0.239575 0.486349 0.217975 0.484568 0.211675 0.487619 0.184675 0.475944 0.171363 0.466279 0.168838 0.455115 0.162725 0.438342 0.163975 0.427178 0.187562 0.411675 0.205737 0.396437 0.233637 0.381199 0.261000 0.367231 0.281700 0.355802 0.291237 0.362152 0.321663 0.370794 0.360538 0.376631 0.400675 0.380705 0.452700 0.387549 0.511200 0.390088
6 0.547200 0.551323 0.532050 0.539471 0.507450 0.527407 0.515100 0.509206 0.524850 0.475556 0.526650 0.462857 0.596550 0.412275 0.600300 0.439365 0.601200 0.468571 0.602250 0.494180 0.606600 0.620317 0.594300 0.632804 0.594900 0.600635 0.593550 0.570370 0.589800 0.538836 0.583200 0.525503 0.574200 0.522328 0.564900 0.527196 0.554100 0.537989
7 0.595750 0.254497 0.550000 0.250617 0.503875 0.245503 0.463375 0.244621 0.427375 0.244974 0.406125 0.244621 0.386250 0.260494 0.361250 0.284127 0.334500 0.311993 0.306500 0.343915 0.297125 0.356790 0.337125 0.368430 0.393250 0.375661 0.425500 0.379365 0.457875 0.383774 0.497625 0.388007 0.521875 0.388713 0.546625 0.390123 0.558250 0.369489 0.568125 0.339153 0.580750 0.304233 0.590125 0.274250
8 0.404600 0.243245 0.440250 0.243245 0.481287 0.243245 0.524487 0.245697 0.573087 0.250265 0.597063 0.254215 0.616287 0.235026 0.635938 0.232275 0.670713 0.244780 0.670937 0.240511 0.662937 0.235626 0.638962 0.228007 0.619088 0.225273 0.600513 0.224356 0.570063 0.221922 0.547600 0.220088 0.523400 0.221005 0.497050 0.221605 0.471775 0.221922 0.446937 0.225873 0.423175 0.232593 0.411950 0.238377
10 0.656400 0.364233 0.656250 0.383704 0.653100 0.393016 0.646050 0.398942 0.640050 0.401058 0.614700 0.401905 0.600750 0.401270 0.591000 0.400635 0.598800 0.388360 0.600600 0.373545 0.607350 0.363598 0.616950 0.355979 0.623100 0.353862 0.634800 0.353862 0.641550 0.353862 0.650700 0.356402 0.653700 0.359577
11 0.660425 0.407866 0.662000 0.401235 0.664750 0.396120 0.675175 0.394409 0.677338 0.400247 0.672125 0.409136 0.665100 0.417266 0.661138 0.421834 0.658625 0.416508
13 0.728125 0.426808 0.735000 0.435273 0.736000 0.452557 0.736500 0.477072 0.735000 0.498236 0.731625 0.521693 0.728500 0.541799 0.721500 0.551675 0.715750 0.555203 0.700125 0.553792 0.698375 0.535802 0.711875 0.520635 0.711125 0.510935 0.711625 0.489771 0.716375 0.467372 0.721375 0.444444 0.724375 0.435450
