14 0.208050 0.230088 0.128675 0.250811 0.106188 0.338854 0.086000 0.456014 0.070862 0.489665 0.066275 0.569295 0.072700 0.674815 0.094725 0.796508 0.106650 0.848942 0.126837 0.878060 0.183275 0.880653 0.180062 0.829524 0.174088 0.784198 0.171338 0.651499 0.174550 0.545996 0.186938 0.453422 0.195650 0.367972 0.202075 0.286420
13 0.397062 0.718818 0.371375 0.722716 0.348438 0.760247 0.335125 0.808148 0.330537 0.855414 0.328700 0.905256 0.335125 0.960282 0.344300 0.999753 0.347137 1.000000 0.460000 1.000000 0.469550 0.955750 0.466800 0.927901 0.431937 0.925961 0.428262 0.905256 0.418625 0.803616 0.407162 0.746014
13 0.027137 0.810741 0.044575 0.755079 0.061088 0.740194 0.073025 0.755079 0.078988 0.782257 0.088163 0.831464 0.091838 0.872240 0.097337 0.912381 0.114312 0.916261 0.124863 0.941499 0.125787 0.963510 0.118075 1.000000 0.040688 1.000000 0.033113 0.991340 0.025763 0.949277 0.023938 0.897478 0.022100 0.852822
11 0.077675 0.535432 0.101350 0.536984 0.103000 0.554074 0.072163 0.558730
11 0.185037 0.535432 0.214213 0.540864 0.213113 0.555626 0.181175 0.557178
10 0.219163 0.381623 0.208150 0.415802 0.207600 0.441429 0.218062 0.459295 0.301200 0.456190 0.304500 0.434444 0.298988 0.394832 0.281375 0.367637 0.240088 0.369965
8 0.116600 0.245838 0.137513 0.217108 0.204137 0.190688 0.320300 0.178254 0.470050 0.171270 0.544925 0.178254 0.615387 0.188360 0.680350 0.200794 0.720550 0.224092 0.669350 0.215538 0.544925 0.203122 0.454638 0.206226 0.341775 0.208554 0.282313 0.213210
7 0.312100 0.222063 0.353388 0.447337 0.521300 0.434903 0.651787 0.430247 0.821350 0.442681 0.789425 0.355679 0.718950 0.227513 0.707387 0.218959 0.672700 0.215855 0.562050 0.205767 0.467900 0.206543 0.356137 0.205767 0.320350 0.209647
6 0.458537 0.601658 0.440188 0.561534 0.436063 0.520106 0.453500 0.487090 0.358525 0.445009 0.327325 0.447601 0.320450 0.504568 0.315400 0.887125 0.323200 0.890370 0.325037 0.796508 0.335125 0.710406 0.358063 0.670282 0.393850 0.679982
5 0.366975 0.443333 0.458350 0.488642 0.480137 0.477866 0.511112 0.484868 0.553550 0.521552 0.702275 0.524797 0.803975 0.525326 0.856350 0.526402 0.878900 0.495661 0.893813 0.482716 0.917138 0.492963 0.919050 0.488113 0.893813 0.469771 0.852137 0.453580 0.826525 0.445485 0.789438 0.441182 0.716413 0.436861 0.602487 0.433086 0.465612 0.437407
4 0.698100 0.596914 0.706025 0.647249 0.741700 0.650988 0.746325 0.595044
3 0.657800 0.704109 0.660438 0.803845 0.792575 0.804780 0.788600 0.704109
2 0.554013 0.674480 0.572500 0.584991 0.858563 0.586843 0.880375 0.673545 0.761450 0.682857 0.634613 0.682857
12 0.376250 0.723104 0.361250 0.735450 0.352500 0.749559 0.346250 0.774250 0.351250 0.784832 0.351250 0.795414 0.353750 0.795414 0.352500 0.790123 0.357500 0.788360 0.358750 0.767196 0.361250 0.763668 0.365000 0.770723 0.375000 0.767196 0.376250 0.772487 0.383750 0.774250 0.385000 0.779541 0.392500 0.783069 0.397500 0.791887 0.396250 0.800705 0.405000 0.827160 0.408750 0.876543 0.407500 0.934744 0.405000 0.952381 0.402500 0.954145 0.396250 0.982363 0.390000 0.992945 0.390000 1.000000 0.458750 1.000000 0.467500 0.959436 0.466250 0.943563 0.455000 0.931217 0.435000 0.924162 0.428750 0.911817 0.421250 0.843034 0.420000 0.805996 0.407500 0.740741 0.397500 0.719577
0 0.455575 0.600829 0.490588 0.639982 0.550037 0.682857 0.650463 0.688448 0.797125 0.682857 0.886312 0.678201 0.923312 0.652099 0.951725 0.591517 0.981450 0.728536 0.987400 0.849718 0.976825 0.918695 0.879713 0.924286 0.562600 0.920564 0.431787 0.918695 0.417913 0.788183 0.400738 0.707090 0.389500 0.685661 0.426500 0.635326
1 0.498312 0.782716 0.489138 0.802134 0.486850 0.827372 0.501075 0.845503 0.519887 0.848095 0.536400 0.818959 0.532262 0.794374 0.513912 0.780123
12 0.055000 0.746032 0.047500 0.751323 0.041250 0.763668 0.032500 0.795414 0.045000 0.795414 0.048750 0.781305 0.061250 0.784832 0.065000 0.798942 0.063750 0.804233 0.071250 0.814815 0.075000 0.830688 0.078750 0.887125 0.076250 0.892416 0.078750 0.901235 0.076250 0.910053 0.077500 0.920635 0.075000 0.925926 0.076250 0.934744 0.071250 0.940035 0.070000 0.961199 0.062500 0.971781 0.062500 0.982363 0.052500 0.989418 0.046250 0.985891 0.038750 0.989418 0.036250 0.985891 0.038750 0.989418 0.036250 0.996473 0.038750 1.000000 0.117500 1.000000 0.126250 0.961199 0.125000 0.932981 0.116250 0.920635 0.095000 0.906526 0.077500 0.770723 0.067500 0.744268
1 0.938113 0.781199 0.925100 0.773316 0.913162 0.780441 0.906525 0.801411 0.908375 0.833263 0.917937 0.844497 0.930412 0.848995 0.942362 0.838871 0.947137 0.821270 0.946612 0.798430 0.944750 0.789065
15 0.208800 0.228095 0.287187 0.216772 0.310125 0.312257 0.326175 0.443333 0.318225 0.550247 0.317650 0.689259 0.314900 0.886578 0.182237 0.881146 0.178913 0.813545 0.172338 0.774762 0.172338 0.699400 0.171763 0.603069 0.174512 0.543245 0.187738 0.454709 0.192600 0.384533 0.201313 0.299083
